# Created by Octave 3.2.4, Tue May 22 18:26:41 2012 CEST <mu@Martin-Eee>
# name: list_50_100
# type: matrix
# rows: 6
# columns: 3
 10.68972925607113 1.97 0.2
 10.02635953273338 2.03 0.2
 10.07997642863035 1.96 0.2
 4.913536897110136 0.93 0.2
 6.829549246934334 1.43 0.2
 10.29038056089142 1.5 0.2
