# Created by Octave 3.2.4, Tue May 15 17:53:04 2012 CEST <mu@Martin-Eee>
# name: stahl_plot
# type: matrix
# rows: 7
# columns: 3
 0.4905 0.00115 0.1
 0.9810000000000001 0.0025 0.1
 1.4715 0.00375 0.1
 1.962 0.00485 0.1
 2.4525 0.00615 0.1
 2.943 0.0074 0.1
 3.4335 0.00865 0.1
